100 2
0.178091 0.493042 -1
-0.344569 -0.218497 -1
0.258202 -0.320917 1
0.116810 0.442167 -1
-0.168477 0.224784 -1
-0.112171 0.289666 -1
-0.347011 0.131397 -1
-0.333857 -0.373867 1
0.131031 -0.271081 1
0.296350 -0.085467 1
0.387173 -0.378140 1
-0.442869 -0.458281 1
-0.408750 -0.190939 -1
0.427213 0.146443 1
-0.396878 -0.116596 -1
0.110645 -0.332423 1
0.452177 -0.281884 1
-0.396420 -0.230277 -1
-0.313898 -0.454527 1
0.082842 -0.198263 1
0.120258 -0.165792 1
-0.101703 -0.055162 -1
0.018052 -0.127583 1
0.450102 -0.293695 1
0.235069 0.461303 -1
-0.268517 0.415372 -1
0.356502 -0.373196 1
-0.180593 -0.123127 -1
0.360591 -0.244987 1
0.093188 -0.159993 1
-0.161550 0.057573 -1
0.463347 0.437101 1
0.301721 -0.226493 1
0.391079 0.249748 1
-0.390530 0.013474 -1
-0.019730 0.158162 -1
0.045518 -0.346889 1
-0.077013 -0.370296 1
0.077319 0.181234 -1
-0.420438 -0.396573 -1
0.327754 -0.090716 1
-0.025132 -0.373684 1
-0.208945 0.448851 -1
-0.008286 0.397916 -1
-0.175802 -0.137806 -1
-0.456969 0.379269 -1
-0.055132 0.393887 -1
0.003464 -0.377255 1
-0.032792 0.187674 -1
-0.317835 0.478607 -1
-0.493011 -0.103168 -1
-0.382046 0.334834 -1
0.386898 -0.407132 1
0.477783 0.046617 1
-0.026383 -0.120685 1
-0.160024 0.211264 -1
-0.022294 -0.382900 1
-0.356136 -0.054888 -1
-0.252220 0.167287 -1
0.086047 0.318934 -1
-0.410215 -0.442351 1
-0.254265 0.107257 -1
0.143330 0.479492 -1
0.219565 0.009018 1
0.345393 -0.479522 1
0.047472 -0.005387 1
0.013718 -0.459471 1
0.210990 -0.063463 1
-0.419828 -0.403928 1
-0.015305 0.179250 -1
0.005997 0.319514 -1
0.423002 0.204856 1
0.409848 0.160176 1
0.262200 0.050737 1
0.439817 0.392788 1
-0.479431 -0.364711 -1
-0.078722 0.299585 -1
-0.423490 -0.351772 -1
-0.189016 0.432768 -1
0.006424 0.161550 -1
-0.010819 0.363002 -1
-0.036210 -0.382626 1
-0.079150 -0.179189 1
0.380673 0.349239 1
-0.282617 -0.363399 1
-0.227805 0.292474 -1
-0.370174 0.385800 -1
-0.073565 0.040544 -1
-0.494873 0.145192 -1
0.259758 -0.096637 1
0.236473 0.267174 -1
0.119831 0.123646 -1
-0.261223 -0.422483 1
-0.183096 -0.092303 -1
0.481353 -0.096637 1
-0.334986 0.427274 -1
0.107898 0.337489 -1
-0.185842 0.447752 -1
0.175985 0.145100 1
0.154622 -0.259819 1
